5.09295818e-004 
5.04717081e-004 
4.68239226e-004 
3.94793852e-004 
2.78283092e-004 
1.13436612e-004 
-1.01824982e-004 
-3.63900667e-004 
-6.61346845e-004 
-9.73507981e-004 
-1.27035018e-003 
-1.51378668e-003 
-1.66060766e-003 
-1.66691318e-003 
-1.49372160e-003 
-1.11321486e-003 
-5.14914010e-004 
2.89020143e-004 
1.26017835e-003 
2.33271641e-003 
3.41513804e-003 
4.39532554e-003 
5.14876604e-003 
5.54955888e-003 
5.48343481e-003 
4.86170811e-003 
3.63485729e-003 
1.80431918e-003 
-5.68894060e-004 
-3.35997604e-003 
-6.38141973e-003 
-9.38991411e-003 
-1.20990279e-002 
-1.41971200e-002 
-1.53693859e-002 
-1.53224819e-002 
-1.38098203e-002 
-1.06554299e-002 
-5.77426380e-003 
8.12989973e-004 
8.97217456e-003 
1.84560692e-002 
2.89133549e-002 
3.99058618e-002 
5.09331151e-002 
6.14625529e-002 
7.09632677e-002 
7.89407739e-002 
8.49701541e-002 
8.87250179e-002 
9.00000000e-002 
8.87250179e-002 
8.49701541e-002 
7.89407739e-002 
7.09632677e-002 
6.14625529e-002 
5.09331151e-002 
3.99058618e-002 
2.89133549e-002 
1.84560692e-002 
8.97217456e-003 
8.12989973e-004 
-5.77426380e-003 
-1.06554299e-002 
-1.38098203e-002 
-1.53224819e-002 
-1.53693859e-002 
-1.41971200e-002 
-1.20990279e-002 
-9.38991411e-003 
-6.38141973e-003 
-3.35997604e-003 
-5.68894060e-004 
1.80431918e-003 
3.63485729e-003 
4.86170811e-003 
5.48343481e-003 
5.54955888e-003 
5.14876604e-003 
4.39532554e-003 
3.41513804e-003 
2.33271641e-003 
1.26017835e-003 
2.89020143e-004 
-5.14914010e-004 
-1.11321486e-003 
-1.49372160e-003 
-1.66691318e-003 
-1.66060766e-003 
-1.51378668e-003 
-1.27035018e-003 
-9.73507981e-004 
-6.61346845e-004 
-3.63900667e-004 
-1.01824982e-004 
1.13436612e-004 
2.78283092e-004 
3.94793852e-004 
4.68239226e-004 
5.04717081e-004 
5.09295818e-004 
